,Frame number,Frame times(sec),Frame times(msec),Average jitter,Minimum 
,2,0.031987,31.987,33.3490333333333,30.999
,3,0.032,32,33.349033333,
,4,0.036025,36.025,33.349033333,
,5,0.032006,32.006,33.349033333,
,6,0.031982,31.982,33.349033333,
,7,0.036023,36.023,33.349033333,
,8,0.031996,31.996,33.349033333,
,9,0.031999,31.999,33.349033333,
,10,0.036057,36.057,33.349033333,
,11,0.031971,31.971,33.349033333,
,12,0.03199,31.99,33.349033333,
,13,0.036019,36.019,33.349033333,
,14,0.032015,32.015,33.349033333,
,15,0.031977,31.977,33.349033333,
,16,0.036023,36.023,33.349033333,
,17,0.031993,31.993,33.349033333,
,18,0.032002,32.002,33.349033333,
,19,0.036034,36.034,33.349033333,
,20,0.031989,31.989,33.349033333,
,21,0.042281,42.281,33.349033333,
,22,0.035769,35.769,33.349033333,
,23,0.03216,32.16,33.349033333,
,24,0.032143,32.143,33.349033333,
,25,0.035761,35.761,33.349033333,
,26,0.03184,31.84,33.349033333,
,27,0.032521,32.521,33.349033333,
,28,0.035558,35.558,33.349033333,
,29,0.032275,32.275,33.349033333,
,30,0.032169,32.169,33.349033333,
,31,0.035551,35.551,33.349033333,
,32,0.032308,32.308,33.349033333,
,33,0.031739,31.739,33.349033333,
,34,0.036312,36.312,33.349033333,
,35,0.031605,31.605,33.349033333,
,36,0.032093,32.093,33.349033333,
,37,0.035988,35.988,33.349033333,
,38,0.031932,31.932,33.349033333,
,39,0.032058,32.058,33.349033333,
,40,0.036189,36.189,33.349033333,
,41,0.031837,31.837,33.349033333,
,42,0.031992,31.992,33.349033333,
,43,0.035996,35.996,33.349033333,
,44,0.031965,31.965,33.349033333,
,45,0.032505,32.505,33.349033333,
,46,0.035944,35.944,33.349033333,
,47,0.031548,31.548,33.349033333,
,48,0.032075,32.075,33.349033333,
,49,0.036365,36.365,33.349033333,
,50,0.031618,31.618,33.349033333,
,51,0.032032,32.032,33.349033333,
,52,0.036039,36.039,33.349033333,
,53,0.031968,31.968,33.349033333,
,54,0.032042,32.042,33.349033333,
,55,0.036247,36.247,33.349033333,
,56,0.03172,31.72,33.349033333,
,57,0.032092,32.092,33.349033333,
,58,0.035917,35.917,33.349033333,
,59,0.031987,31.987,33.349033333,
,60,0.031988,31.988,33.349033333,
,61,0.036047,36.047,33.349033333,
,62,0.032006,32.006,33.349033333,
,63,0.032803,32.803,33.349033333,
,64,0.035274,35.274,33.349033333,
,65,0.032093,32.093,33.349033333,
,66,0.031867,31.867,33.349033333,
,67,0.035988,35.988,33.349033333,
,68,0.03231,32.31,33.349033333,
,69,0.0317,31.7,33.349033333,
,70,0.036032,36.032,33.349033333,
,71,0.031921,31.921,33.349033333,
,72,0.032086,32.086,33.349033333,
,73,0.036,36,33.349033333,
,74,0.032271,32.271,33.349033333,
,75,0.031954,31.954,33.349033333,
,76,0.036212,36.212,33.349033333,
,77,0.031524,31.524,33.349033333,
,78,0.032871,32.871,33.349033333,
,79,0.035254,35.254,33.349033333,
,80,0.031905,31.905,33.349033333,
,81,0.032061,32.061,33.349033333,
,82,0.036001,36.001,33.349033333,
,83,0.031938,31.938,33.349033333,
,84,0.03242,32.42,33.349033333,
,85,0.035991,35.991,33.349033333,
,86,0.031599,31.599,33.349033333,
,87,0.032061,32.061,33.349033333,
,88,0.03622,36.22,33.349033333,
,89,0.031729,31.729,33.349033333,
,90,0.031993,31.993,33.349033333,
,91,0.036093,36.093,33.349033333,
,92,0.03196,31.96,33.349033333,
,93,0.032091,32.091,33.349033333,
,94,0.035984,35.984,33.349033333,
,95,0.031912,31.912,33.349033333,
,96,0.032252,32.252,33.349033333,
,97,0.035807,35.807,33.349033333,
,98,0.031959,31.959,33.349033333,
,99,0.0321,32.1,33.349033333,
,100,0.035964,35.964,33.349033333,
,101,0.031948,31.948,33.349033333,
,102,0.032184,32.184,33.349033333,
,103,0.035913,35.913,33.349033333,
,104,0.03194,31.94,33.349033333,
,105,0.032088,32.088,33.349033333,
,106,0.035966,35.966,33.349033333,
,107,0.03194,31.94,33.349033333,
,108,0.032086,32.086,33.349033333,
,109,0.035914,35.914,33.349033333,
,110,0.032035,32.035,33.349033333,
,111,0.032004,32.004,33.349033333,
,112,0.036532,36.532,33.349033333,
,113,0.031457,31.457,33.349033333,
,114,0.032156,32.156,33.349033333,
,115,0.036218,36.218,33.349033333,
,116,0.031658,31.658,33.349033333,
,117,0.032104,32.104,33.349033333,
,118,0.036344,36.344,33.349033333,
,119,0.031551,31.551,33.349033333,
,120,0.032049,32.049,33.349033333,
,121,0.036005,36.005,33.349033333,
,122,0.032015,32.015,33.349033333,
,123,0.032029,32.029,33.349033333,
,124,0.036367,36.367,33.349033333,
,125,0.03159,31.59,33.349033333,
,126,0.032104,32.104,33.349033333,
,127,0.036434,36.434,33.349033333,
,128,0.031489,31.489,33.349033333,
,129,0.032017,32.017,33.349033333,
,130,0.036016,36.016,33.349033333,
,131,0.03192,31.92,33.349033333,
,132,0.032123,32.123,33.349033333,
,133,0.036845,36.845,33.349033333,
,134,0.031459,31.459,33.349033333,
,135,0.031737,31.737,33.349033333,
,136,0.035987,35.987,33.349033333,
,137,0.031884,31.884,33.349033333,
,138,0.032218,32.218,33.349033333,
,139,0.035916,35.916,33.349033333,
,140,0.03188,31.88,33.349033333,
,141,0.032033,32.033,33.349033333,
,142,0.036084,36.084,33.349033333,
,143,0.031987,31.987,33.349033333,
,144,0.031921,31.921,33.349033333,
,145,0.036067,36.067,33.349033333,
,146,0.032008,32.008,33.349033333,
,147,0.031945,31.945,33.349033333,
,148,0.036386,36.386,33.349033333,
,149,0.031625,31.625,33.349033333,
,150,0.032004,32.004,33.349033333,
,151,0.036045,36.045,33.349033333,
,152,0.032584,32.584,33.349033333,
,153,0.032212,32.212,33.349033333,
,154,0.035247,35.247,33.349033333,
,155,0.032293,32.293,33.349033333,
,156,0.031666,31.666,33.349033333,
,157,0.036054,36.054,33.349033333,
,158,0.032004,32.004,33.349033333,
,159,0.031956,31.956,33.349033333,
,160,0.032188,32.188,33.349033333,
,161,0.035809,35.809,33.349033333,
,162,0.032117,32.117,33.349033333,
,163,0.032292,32.292,33.349033333,
,164,0.035638,35.638,33.349033333,
,165,0.031973,31.973,33.349033333,
,166,0.032171,32.171,33.349033333,
,167,0.035947,35.947,33.349033333,
,168,0.032386,32.386,33.349033333,
,169,0.03159,31.59,33.349033333,
,170,0.036294,36.294,33.349033333,
,171,0.031855,31.855,33.349033333,
,172,0.032013,32.013,33.349033333,
,173,0.036228,36.228,33.349033333,
,174,0.031572,31.572,33.349033333,
,175,0.032044,32.044,33.349033333,
,176,0.035984,35.984,33.349033333,
,177,0.03227,32.27,33.349033333,
,178,0.0318,31.8,33.349033333,
,179,0.035956,35.956,33.349033333,
,180,0.032376,32.376,33.349033333,
,181,0.031627,31.627,33.349033333,
,182,0.036471,36.471,33.349033333,
,183,0.031548,31.548,33.349033333,
,184,0.032007,32.007,33.349033333,
,185,0.035994,35.994,33.349033333,
,186,0.032058,32.058,33.349033333,
,187,0.031964,31.964,33.349033333,
,188,0.036071,36.071,33.349033333,
,189,0.031928,31.928,33.349033333,
,190,0.032002,32.002,33.349033333,
,191,0.036043,36.043,33.349033333,
,192,0.031969,31.969,33.349033333,
,193,0.032053,32.053,33.349033333,
,194,0.036405,36.405,33.349033333,
,195,0.031553,31.553,33.349033333,
,196,0.032012,32.012,33.349033333,
,197,0.036001,36.001,33.349033333,
,198,0.032116,32.116,33.349033333,
,199,0.032013,32.013,33.349033333,
,200,0.035939,35.939,33.349033333,
,201,0.031951,31.951,33.349033333,
,202,0.032013,32.013,33.349033333,
,203,0.035956,35.956,33.349033333,
,204,0.032121,32.121,33.349033333,
,205,0.032218,32.218,33.349033333,
,206,0.035721,35.721,33.349033333,
,207,0.03233,32.33,33.349033333,
,208,0.031786,31.786,33.349033333,
,209,0.035891,35.891,33.349033333,
,210,0.032003,32.003,33.349033333,
,211,0.032473,32.473,33.349033333,
,212,0.035522,35.522,33.349033333,
,213,0.032031,32.031,33.349033333,
,214,0.031988,31.988,33.349033333,
,215,0.036126,36.126,33.349033333,
,216,0.03195,31.95,33.349033333,
,217,0.031934,31.934,33.349033333,
,218,0.036102,36.102,33.349033333,
,219,0.032065,32.065,33.349033333,
,220,0.032263,32.263,33.349033333,
,221,0.035666,35.666,33.349033333,
,222,0.032022,32.022,33.349033333,
,223,0.031932,31.932,33.349033333,
,224,0.035986,35.986,33.349033333,
,225,0.032426,32.426,33.349033333,
,226,0.031609,31.609,33.349033333,
,227,0.035993,35.993,33.349033333,
,228,0.032376,32.376,33.349033333,
,229,0.031691,31.691,33.349033333,
,230,0.035949,35.949,33.349033333,
,231,0.032074,32.074,33.349033333,
,232,0.032303,32.303,33.349033333,
,233,0.035618,35.618,33.349033333,
,234,0.0323,32.3,33.349033333,
,235,0.031765,31.765,33.349033333,
,236,0.036306,36.306,33.349033333,
,237,0.031727,31.727,33.349033333,
,238,0.031944,31.944,33.349033333,
,239,0.036027,36.027,33.349033333,
,240,0.032203,32.203,33.349033333,
,241,0.03181,31.81,33.349033333,
,242,0.036079,36.079,33.349033333,
,243,0.032496,32.496,33.349033333,
,244,0.031769,31.769,33.349033333,
,245,0.035989,35.989,33.349033333,
,246,0.031763,31.763,33.349033333,
,247,0.031942,31.942,33.349033333,
,248,0.036013,36.013,33.349033333,
,249,0.032088,32.088,33.349033333,
,250,0.031961,31.961,33.349033333,
,251,0.036296,36.296,33.349033333,
,252,0.031864,31.864,33.349033333,
,253,0.031774,31.774,33.349033333,
,254,0.036003,36.003,33.349033333,
,255,0.032403,32.403,33.349033333,
,256,0.031625,31.625,33.349033333,
,257,0.035949,35.949,33.349033333,
,258,0.032499,32.499,33.349033333,
,259,0.031579,31.579,33.349033333,
,260,0.036324,36.324,33.349033333,
,261,0.031755,31.755,33.349033333,
,262,0.031947,31.947,33.349033333,
,263,0.036478,36.478,33.349033333,
,264,0.031576,31.576,33.349033333,
,265,0.031921,31.921,33.349033333,
,266,0.036163,36.163,33.349033333,
,267,0.032074,32.074,33.349033333,
,268,0.03186,31.86,33.349033333,
,269,0.035941,35.941,33.349033333,
,270,0.032021,32.021,33.349033333,
,271,0.032005,32.005,33.349033333,
,272,0.035996,35.996,33.349033333,
,273,0.03207,32.07,33.349033333,
,274,0.031921,31.921,33.349033333,
,275,0.036023,36.023,33.349033333,
,276,0.0321,32.1,33.349033333,
,277,0.032009,32.009,33.349033333,
,278,0.035904,35.904,33.349033333,
,279,0.03208,32.08,33.349033333,
,280,0.032241,32.241,33.349033333,
,281,0.035858,35.858,33.349033333,
,282,0.032079,32.079,33.349033333,
,283,0.031772,31.772,33.349033333,
,284,0.035995,35.995,33.349033333,
,285,0.032435,32.435,33.349033333,
,286,0.031568,31.568,33.349033333,
,287,0.036373,36.373,33.349033333,
,288,0.031887,31.887,33.349033333,
,289,0.031768,31.768,33.349033333,
,290,0.035979,35.979,33.349033333,
,291,0.032655,32.655,33.349033333,
,292,0.031518,31.518,33.349033333,
,293,0.035863,35.863,33.349033333,
,294,0.03207,32.07,33.349033333,
,295,0.032429,32.429,33.349033333,
,296,0.035629,35.629,33.349033333,
,297,0.03193,31.93,33.349033333,
,298,0.03208,32.08,33.349033333,
,299,0.035886,35.886,33.349033333,
,300,0.03235,32.35,33.349033333,
,301,0.031666,31.666,33.349033333,
,302,0.035993,35.993,33.349033333,
,303,0.032096,32.096,33.349033333,
,304,0.032044,32.044,33.349033333,
,305,0.035881,35.881,33.349033333,
,306,0.032112,32.112,33.349033333,
,307,0.031882,31.882,33.349033333,
,308,0.036081,36.081,33.349033333,
,309,0.032044,32.044,33.349033333,
,310,0.031921,31.921,33.349033333,
,311,0.035955,35.955,33.349033333,
,312,0.032145,32.145,33.349033333,
,313,0.031927,31.927,33.349033333,
,314,0.036457,36.457,33.349033333,
,315,0.031667,31.667,33.349033333,
,316,0.031899,31.899,33.349033333,
,317,0.036095,36.095,33.349033333,
,318,0.031894,31.894,33.349033333,
,319,0.032071,32.071,33.349033333,
,320,0.036299,36.299,33.349033333,
,321,0.031614,31.614,33.349033333,
,322,0.032164,32.164,33.349033333,
,323,0.035878,35.878,33.349033333,
,324,0.031972,31.972,33.349033333,
,325,0.032012,32.012,33.349033333,
,326,0.036279,36.279,33.349033333,
,327,0.03184,31.84,33.349033333,
,328,0.031907,31.907,33.349033333,
,329,0.036541,36.541,33.349033333,
,330,0.031627,31.627,33.349033333,
,331,0.03185,31.85,33.349033333,
,332,0.036019,36.019,33.349033333,
,333,0.032978,32.978,33.349033333,
,334,0.030999,30.999,33.349033333,
,335,0.036018,36.018,33.349033333,
,336,0.032001,32.001,33.349033333,
,337,0.032024,32.024,33.349033333,
,338,0.036214,36.214,33.349033333,
,339,0.031787,31.787,33.349033333,
,340,0.031987,31.987,33.349033333,
,341,0.036013,36.013,33.349033333,
,342,0.032363,32.363,33.349033333,
,343,0.031852,31.852,33.349033333,
,344,0.035913,35.913,33.349033333,
,345,0.031949,31.949,33.349033333,
,346,0.032286,32.286,33.349033333,
,347,0.036012,36.012,33.349033333,
,348,0.031991,31.991,33.349033333,
,349,0.031712,31.712,33.349033333,
,350,0.036062,36.062,33.349033333,
,351,0.032244,32.244,33.349033333,
,352,0.031738,31.738,33.349033333,
,353,0.03613,36.13,33.349033333,
,354,0.031891,31.891,33.349033333,
,355,0.032859,32.859,33.349033333,
,356,0.035186,35.186,33.349033333,
,357,0.031897,31.897,33.349033333,
,358,0.032214,32.214,33.349033333,
,359,0.035967,35.967,33.349033333,
,360,0.03182,31.82,33.349033333,
,361,0.032059,32.059,33.349033333,
,362,0.036344,36.344,33.349033333,
,363,0.031653,31.653,33.349033333,
,364,0.032539,32.539,33.349033333,
,365,0.035995,35.995,33.349033333,
,366,0.031411,31.411,33.349033333,
,367,0.032515,32.515,33.349033333,
,368,0.035651,35.651,33.349033333,
,369,0.03199,31.99,33.349033333,
,370,0.032079,32.079,33.349033333,
,371,0.036103,36.103,33.349033333,
,372,0.03188,31.88,33.349033333,
,373,0.03202,32.02,33.349033333,
,374,0.036292,36.292,33.349033333,
,375,0.03172,31.72,33.349033333,
,376,0.031816,31.816,33.349033333,
,377,0.036631,36.631,33.349033333,
,378,0.031719,31.719,33.349033333,
,379,0.031677,31.677,33.349033333,
,380,0.036163,36.163,33.349033333,
,381,0.032184,32.184,33.349033333,
,382,0.031935,31.935,33.349033333,
,383,0.035869,35.869,33.349033333,
,384,0.032314,32.314,33.349033333,
,385,0.031667,31.667,33.349033333,
,386,0.035992,35.992,33.349033333,
,387,0.032305,32.305,33.349033333,
,388,0.031801,31.801,33.349033333,
,389,0.036032,36.032,33.349033333,
,390,0.031891,31.891,33.349033333,
,391,0.031986,31.986,33.349033333,
,392,0.036043,36.043,33.349033333,
,393,0.031993,31.993,33.349033333,
,394,0.031964,31.964,33.349033333,
,395,0.036312,36.312,33.349033333,
,396,0.031759,31.759,33.349033333,
,397,0.031927,31.927,33.349033333,
,398,0.035965,35.965,33.349033333,
,399,0.03208,32.08,33.349033333,
,400,0.031955,31.955,33.349033333,
,401,0.035979,35.979,33.349033333,
,402,0.032078,32.078,33.349033333,
,403,0.032437,32.437,33.349033333,
,404,0.035901,35.901,33.349033333,
,405,0.031713,31.713,33.349033333,
,406,0.032163,32.163,33.349033333,
,407,0.035816,35.816,33.349033333,
,408,0.031997,31.997,33.349033333,
,409,0.032171,32.171,33.349033333,
,410,0.035986,35.986,33.349033333,
,411,0.031901,31.901,33.349033333,
,412,0.03192,31.92,33.349033333,
,413,0.036073,36.073,33.349033333,
,414,0.032082,32.082,33.349033333,
,415,0.031964,31.964,33.349033333,
,416,0.035881,35.881,33.349033333,
,417,0.032089,32.089,33.349033333,
,418,0.031977,31.977,33.349033333,
,419,0.035988,35.988,33.349033333,
,420,0.031933,31.933,33.349033333,
,421,0.032093,32.093,33.349033333,
,422,0.035952,35.952,33.349033333,
,423,0.032377,32.377,33.349033333,
,424,0.03198,31.98,33.349033333,
,425,0.03569,35.69,33.349033333,
,426,0.032058,32.058,33.349033333,
,427,0.032635,32.635,33.349033333,
,428,0.035373,35.373,33.349033333,
,429,0.031979,31.979,33.349033333,
,430,0.032187,32.187,33.349033333,
,431,0.035859,35.859,33.349033333,
,432,0.032015,32.015,33.349033333,
,433,0.032118,32.118,33.349033333,
,434,0.035873,35.873,33.349033333,
,435,0.032012,32.012,33.349033333,
,436,0.03194,31.94,33.349033333,
,437,0.036484,36.484,33.349033333,
,438,0.031929,31.929,33.349033333,
,439,0.032149,32.149,33.349033333,
,440,0.035416,35.416,33.349033333,
,441,0.03253,32.53,33.349033333,
,442,0.031722,31.722,33.349033333,
,443,0.036134,36.134,33.349033333,
,444,0.031704,31.704,33.349033333,
,445,0.031982,31.982,33.349033333,
,446,0.035957,35.957,33.349033333,
,447,0.032121,32.121,33.349033333,
,448,0.032,32,33.349033333,
,449,0.036134,36.134,33.349033333,
,450,0.031772,31.772,33.349033333,
,451,0.032245,32.245,33.349033333,
,452,0.036153,36.153,33.349033333,
,453,0.03181,31.81,33.349033333,
,454,0.031985,31.985,33.349033333,
,455,0.036014,36.014,33.349033333,
,456,0.031859,31.859,33.349033333,
,457,0.031982,31.982,33.349033333,
,458,0.03619,36.19,33.349033333,
,459,0.032139,32.139,33.349033333,
,460,0.032237,32.237,33.349033333,
,461,0.036058,36.058,33.349033333,
,462,0.031725,31.725,33.349033333,
,463,0.031668,31.668,33.349033333,
,464,0.036438,36.438,33.349033333,
,465,0.031606,31.606,33.349033333,
,466,0.032186,32.186,33.349033333,
,467,0.032545,32.545,33.349033333,
,468,0.036,36,33.349033333,
,469,0.03123,31.23,33.349033333,
,470,0.036018,36.018,33.349033333,
,471,0.032075,32.075,33.349033333,
,472,0.032073,32.073,33.349033333,
,473,0.031974,31.974,33.349033333,
,474,0.035968,35.968,33.349033333,
,475,0.032129,32.129,33.349033333,
,476,0.032803,32.803,33.349033333,
,477,0.035336,35.336,33.349033333,
,478,0.031705,31.705,33.349033333,
,479,0.032433,32.433,33.349033333,
,480,0.035699,35.699,33.349033333,
,481,0.031852,31.852,33.349033333,
,482,0.032091,32.091,33.349033333,
,483,0.036069,36.069,33.349033333,
,484,0.032477,32.477,33.349033333,
,485,0.031376,31.376,33.349033333,
,486,0.036391,36.391,33.349033333,
,487,0.031693,31.693,33.349033333,
,488,0.031945,31.945,33.349033333,
,489,0.036394,36.394,33.349033333,
,490,0.031595,31.595,33.349033333,
,491,0.032034,32.034,33.349033333,
,492,0.03616,36.16,33.349033333,
,493,0.031896,31.896,33.349033333,
,494,0.03242,32.42,33.349033333,
,495,0.035715,35.715,33.349033333,
,496,0.032074,32.074,33.349033333,
,497,0.031892,31.892,33.349033333,
,498,0.036044,36.044,33.349033333,
,499,0.031872,31.872,33.349033333,
,500,0.032429,32.429,33.349033333,
,501,0.035946,35.946,33.349033333,
,502,0.031875,31.875,33.349033333,
,503,0.032025,32.025,33.349033333,
,504,0.035841,35.841,33.349033333,
,505,0.032083,32.083,33.349033333,
,506,0.031802,31.802,33.349033333,
,507,0.036156,36.156,33.349033333,
,508,0.031986,31.986,33.349033333,
,509,0.032053,32.053,33.349033333,
,510,0.035837,35.837,33.349033333,
,511,0.031999,31.999,33.349033333,
,512,0.032333,32.333,33.349033333,
,513,0.03704,37.04,33.349033333,
,514,0.031004,31.004,33.349033333,
,515,0.031718,31.718,33.349033333,
,516,0.036055,36.055,33.349033333,
,517,0.03201,32.01,33.349033333,
,518,0.032018,32.018,33.349033333,
,519,0.036569,36.569,33.349033333,
,520,0.031311,31.311,33.349033333,
,521,0.031965,31.965,33.349033333,
,522,0.036237,36.237,33.349033333,
,523,0.031907,31.907,33.349033333,
,524,0.032072,32.072,33.349033333,
,525,0.035935,35.935,33.349033333,
,526,0.032069,32.069,33.349033333,
,527,0.031883,31.883,33.349033333,
,528,0.036501,36.501,33.349033333,
,529,0.031979,31.979,33.349033333,
,530,0.031498,31.498,33.349033333,
,531,0.036117,36.117,33.349033333,
,532,0.032649,32.649,33.349033333,
,533,0.031329,31.329,33.349033333,
,534,0.036295,36.295,33.349033333,
,535,0.031669,31.669,33.349033333,
,536,0.032393,32.393,33.349033333,
,537,0.035988,35.988,33.349033333,
,538,0.031689,31.689,33.349033333,
,539,0.031921,31.921,33.349033333,
,540,0.035999,35.999,33.349033333,
,541,0.032126,32.126,33.349033333,
,542,0.031977,31.977,33.349033333,
,543,0.036323,36.323,33.349033333,
,544,0.031727,31.727,33.349033333,
,545,0.032022,32.022,33.349033333,
,546,0.036115,36.115,33.349033333,
,547,0.031837,31.837,33.349033333,
,548,0.032599,32.599,33.349033333,
,549,0.035601,35.601,33.349033333,
,550,0.032041,32.041,33.349033333,
,551,0.031753,31.753,33.349033333,
,552,0.036358,36.358,33.349033333,
,553,0.031606,31.606,33.349033333,
,554,0.032449,32.449,33.349033333,
,555,0.035923,35.923,33.349033333,
,556,0.032065,32.065,33.349033333,
,557,0.031727,31.727,33.349033333,
,558,0.036527,36.527,33.349033333,
,559,0.031702,31.702,33.349033333,
,560,0.03198,31.98,33.349033333,
,561,0.035741,35.741,33.349033333,
,562,0.0321,32.1,33.349033333,
,563,0.031934,31.934,33.349033333,
,564,0.036186,36.186,33.349033333,
,565,0.031725,31.725,33.349033333,
,566,0.03209,32.09,33.349033333,
,567,0.036015,36.015,33.349033333,
,568,0.031981,31.981,33.349033333,
,569,0.031907,31.907,33.349033333,
,570,0.036534,36.534,33.349033333,
,571,0.03164,31.64,33.349033333,
